%YAML:1.0
R: !!opencv-matrix
   rows: 3
   cols: 3
   dt: d
   data: [ 9.0059839924769514e-001, -8.8395702663703501e-002,
       4.2556870540851494e-001, 1.2460621221679513e-002,
       9.8395001455223363e-001, 1.7800871265595142e-001,
       -4.3447353911516756e-001, -1.5501151122819679e-001,
       8.8724527341400450e-001 ]
T: !!opencv-matrix
   rows: 3
   cols: 1
   dt: d
   data: [ -2.3551533156284475e+002, -2.1678708342264346e+002,
       -7.6893683874929764e+002 ]
Rl: !!opencv-matrix
   rows: 3
   cols: 3
   dt: d
   data: [ 9.8283695105573554e-001, -1.0439161338131384e-001,
       1.5209838491947250e-001, -1.4320590601193853e-001,
       8.7999466178876426e-002, 9.8577287568462357e-001,
       -1.1629099759983802e-001, -9.9063539458666583e-001,
       7.1539631459460171e-002 ]
Rr: !!opencv-matrix
   rows: 3
   cols: 3
   dt: d
   data: [ 9.5909746762422554e-001, -6.3394532839334328e-002,
       -2.7588617363485329e-001, 2.8276430216785398e-001,
       2.6027880204754722e-001, 9.2320057117845200e-001,
       1.3281453848296640e-002, -9.6345009129211068e-001,
       2.6755845075964108e-001 ]
Pl: !!opencv-matrix
   rows: 3
   cols: 4
   dt: d
   data: [ -6.1242835601337520e+000, 0., 5.2032629871368408e+002, 0., 0.,
       -6.1242835601337520e+000, 6.4166308498382568e+002, 0., 0., 0., 1.,
       0. ]
Pr: !!opencv-matrix
   rows: 3
   cols: 4
   dt: d
   data: [ -6.1242835601337520e+000, 0., 5.2032629871368408e+002, 0., 0.,
       -6.1242835601337520e+000, 6.4166308498382568e+002,
       5.1009362291905118e+003, 0., 0., 1., 0. ]
Q: !!opencv-matrix
   rows: 4
   cols: 4
   dt: d
   data: [ 1., 0., 0., -5.2032629871368408e+002, 0., 1., 0.,
       -6.4166308498382568e+002, 0., 0., 0., -6.1242835601337520e+000,
       0., 0., 1.2006195108041253e-003, 0. ]
