%YAML:1.0
cameraMatrixL: !!opencv-matrix
   rows: 3
   cols: 3
   dt: d
   data: [ 1.8476400542784136e+003, 0., 5.4801878437090204e+002, 0.,
       1.8473919835640552e+003, 3.6253572189632126e+002, 0., 0., 1. ]
cameraDistcoeffL: !!opencv-matrix
   rows: 1
   cols: 5
   dt: d
   data: [ -6.1073319799189840e-002, -2.7176927176776720e+000,
       -2.0503482990867562e-003, 1.7649867231537143e-003,
       4.4810484118146192e+001 ]
cameraMatrixR: !!opencv-matrix
   rows: 3
   cols: 3
   dt: d
   data: [ 3.0891336511715792e+002, 0., 5.2949816187202737e+002, 0.,
       3.1571208492728482e+002, 3.4585442001338060e+002, 0., 0., 1. ]
cameraDistcoeffR: !!opencv-matrix
   rows: 1
   cols: 5
   dt: d
   data: [ -1.0165146309722664e-001, 2.6060850430198851e-003,
       4.0768353884348390e-003, 1.2335478903009799e-002,
       -1.8489267443513789e-005 ]
